$ANSIBLE_VAULT;1.1;AES256
65343465363730613061316465623930313332373863636162613966393135656266363233323031
6562333433323136323761346463653532343439356431300a393064363837623263376132653637
33333566326638626664623131613631336337343334633732396533333332376166363535613332
3062373034363362620a386536656465323732363136633034363537376131313636653835333734
39356534373738616163323538353364323263363163633031343931333030663934363762646561
63366138346139613930383635623362616535373065313033336534326563373631653332656165
63386263373636363334353930623234633930616262616162633365346662316138653961616637
31633731343333383834376530316433396365636430323935303934346339343637663431643539
62363162346432386563643833333338633262653262643563333262306330376130383565633833
39336437366239323133386533366334363566383266656662653138313134666233626565643262
35643532326335633939316131366561616630393961303039393439393566356164333339346530
66656263663034346561343533336562396461366262386161633535616164306562626132616639
31366434363765363636306433633733616633353963323130303463636663396439666630306534
38366561363065656165343935653866356462386331333465366661313433343539633932363937
62303937633731643532653939633431333031336634393463616531313733336562653566386339
33383531643463323232656663613062333334336635636431346464333437393630613863303665
33343438666466643436323164653766653866616431613737323066663836376164353632353737
32313434356133333462336462336565336336343562656361383464343434343766306238333531
63643738373331626135323133613234363733333431666637663163346665333663396134323239
32343066663964363935343538353935663135373230663365623439333332623536303832313931
33376162316137626137396363323862323563633937653433333736376531633136303064326632
38663631316637613030663731623637616163666465336664303565346139626662346532393663
64336437363931653563636165303263313637393233373737366530383766303637373430313066
39366565653663316539373963303064383236613539616634633333353335653264306133343561
38333837383038643337646237343337636161393833383733316461366666343333633566306637
39653931366437633561663435373561346531303635666565343638623061356237663938646664
63653539643664363535623763386636613962623530303466326663643831636235396563393934
32643530393862376339396465353865376238313966653434613639303336376431633735656635
34323836346166336438623333663235336437656161356161303365646363373434366639336633
38653930313636616463663533393864653436376135643866663234346236356465653139626462
65383838373132393038633864616234636536393239346433663537333933613635643066363235
34336361383238636430326130376363623362396464326663646239316261343037313766393463
30653633663264633463303661373733656462626236663235376462666231383638666362656638
30653435643766613335666563303766376139303636343131616232623839646335666139653839
63623034373532623231633365393166666637353534393230663661323666373162353563646137
66346337656535623031343136636331643032326164383466633730643866373863306563336363
34326233353063663766636639373634306661353638343538306533653366613064343636383338
63633063373733363432326634626361646434393966626331393137363962386664373333663163
65666137613030323463656636336365373161393733383163663430653138656136373062666265
64656338363466643733396534643462393565636536363962636232633539323137323331636234
30336234383333386462643536343963623138393232646265366138363638616361383565383565
37323165613631633037343235653533376431333431303434613963626361306438353434656639
39366563326663306331653433376330613332646533653861306133323530633262363634646665
30633637386566656335333330373834313433396436613230643932343734383731383264373439
35643238613438353539656132616437666133633135623535313965656366313466623732666334
64613137646239323239633538326132646163613565633564353839653730623635386630333934
62366438663037633463353162636535666166643239643036326563323137663337383861383966
61633933643864346364303330646231353531393838643139383432633266666262626266393766
36313430366333613336666463303163353934613139653561643332646265613435623330393937
36373939393161616133393035393961303164323766626436373538303532616563656665366566
62343936643937386664383336373432636435343237343464313230366639633362333836343164
65316664613430616334643062663131396237346334666534653239356332333032373530643836
35306565363637303363633334663461303332346236663732393536396564613036313366333262
39613362313935653234616636626536613063373364396537303839303262386635613762663265
33643838623338306463616437343564653232306335376365306539386163353233623738343538
66643739666235666163306634386564613465356566313034623838616366383530336234333962
37666335306133383131343130646535613461613633303838386139326636626565303863363862
35633231616163336233363437623738386162613232393836393530346564633032316636326537
32393963653863373635303035646361646630643062306463646338336266386434613735363530
36346135356135346362663835623336666139376566663130343935303136633165626538643832
39346237363533336663636466363735326433343734623337313464346463366663656534373735
39343939343633376538656662623133306635346238333831376134653238646366663239393335
30383962303839626632323964376238333039643638366361396132316163666537633536343630
32646533363662396637383037363562323563313666646563623433306137663330633236653965
39656137656165643730353036376532636639643437333761666434643333636138363064363664
31616538303039613764383932653935323237303232396431303366333533313262626332623033
62376166373535636636373836323165656537616561343833306635336432323165356436643333
34343666636133633737363531393831303632373934383062396331636239306132366332646637
33313664626662626166346237386431376436366532653563336361303839306666393861386532
37653730643864323730396636656338636530396538303239306561326630626236656135353639
31313931393135363838396264326466316332623564646533303731373338393632323939323931
38396336613134636130383931613532613631626463666138663832633134656565666664393330
33363332643436663936633430316238666637346532656130363166636661656635663266616363
61306664633437333561396566666133663933393937343635623063656431666536653731623734
34306637323232353337646435333463643537343133383066326635363564333834303338363963
38303030336631336137313361303734656662333063386334663836613734633035656461366131
37633731353139386532303534373233356136653832623966643135386466323034626537656634
39656533336335616235336334393562363334343934643632646465343438376535393739323631
62373662643337643632306466646366666234303366373764363639393333663462666264353832
33353333646166623166373530393334366635613661376331663239616266343962373965643430
62306264613339313232643562656430623935323435313565356330633833303562303964313163
34626239323539393431656530656331353832653133613463353938623862376462663464633532
62313964343231616263366634373064323236323336303531343361303764656363626562623032
62343663386130376361356336323466343531653266643533663964343537663134383037323864
36383333643135633264303362303966333065323034646135323435313030626130663937666564
39633837326132386138323434363862343163623333386537643533356434316262336435643161
36626636346535613234646435666263396539333839386161333766396265633466643438633861
65313431393038323163653733373338333637616339363961343164346564396638623762343962
31306330393861303436663661666262396635323230343036616566626336653537373632326639
66366164643035616466613530656366323834396164393235633732373937393265646637323962
34376362656434333538396139383631326336663564396436393666376334353238313361356532
37613739376233343537353237326331303161393433333965646262373965313738643630316461
65353238366537646234623137396333316462333266653230323562613831626462
